orig.ident	nCount_RNA	nFeature_RNA	RNA_snn_res.0.5	seurat_clusters	celltype	Size_Factor	Pseudotime	State	sample
Sample	853315.185423595	75652	2	2	2	1.04776191359321	1.64406244332436	5	Sample_10
Sample	840790.940561632	76103	2	2	2	1.03230595798731	2.48337306485863	5	Sample_18
Sample	835408.841590709	76548	2	2	2	1.02571889998422	2.72024592248621	5	Sample_3A
Sample	830399.735910639	72480	1	1	1	1.01944322570213	49.6337627335974	1	Sample_12
Sample	818017.534927281	74901	1	1	1	1.00405373144379	50.9797529859726	1	Sample_26
Sample	817197.22197363	70715	1	1	1	1.00315527248597	42.9345820117939	1	Sample_6A
Sample	851889.615957589	67329	1	1	1	1.04581238073131	57.0603933259296	1	Sample_11
Sample	829910.545813483	72639	1	1	1	1.01883768897987	47.7015902368273	1	Sample_20
Sample	834707.839029232	72053	1	1	1	1.02463090310927	59.8490748696093	1	Sample_9A
Sample	811220.404278005	73133	1	1	1	0.99582360123702	64.1128861914209	1	Sample_10R1
Sample	834902.132567976	74498	1	1	1	1.02518474767231	42.9189837234898	1	Sample_21
Sample	854240.68154499	71502	1	1	1	1.04846714233681	77.9387237072937	1	Sample_30
Sample	826486.174628831	74737	1	1	1	1.01457554737586	69.7551673155864	1	Sample_13R1
Sample	839927.205340099	71326	0	0	0	1.03139519137253	92.8140266298008	1	Sample_23
Sample	873144.202682952	64884	0	0	0	1.07155999908418	94.4128940651849	1	Sample_32
Sample	844915.656720852	76692	2	2	2	1.0373951741388	2.48797435380927	5	Sample_13
Sample	849415.915158307	75629	2	2	2	1.04282900468507	1.56693367499182	5	Sample_33
Sample	841780.472091254	75638	2	2	2	1.033411185582	2.64098919856253	5	Sample_18A
Sample	836103.529794367	71948	1	1	1	1.02637120580291	3.13459231741678	5	Sample_19A
Sample	845007.42382782	75406	2	2	2	1.03729671288314	1.67530305924445	5	Sample_20A
Sample	832111.15255304	74498	2	2	2	1.02147029680285	2.56461818544817	5	Sample_21A
Sample	819337.594259513	63142	0	0	0	1.00556757324944	98.9353658842509	1	Sample_22B
Sample	857591.811283975	70910	1	1	1	1.05283143749357	52.461832367031	1	Sample_23A
Sample	627482.233426229	62799	0	0	0	0.769050098751785	94.9056129696161	1	Sample_24A
Sample	849673.647202193	66114	1	1	1	1.0434419260015	15.9240523684416	3	Sample_25A
Sample	837713.965574723	68343	1	1	1	1.02862596855733	12.0435163958207	3	Sample_26A
Sample	825227.418032912	72354	1	1	1	1.01304447485047	21.178062295085	3	Sample_27A
Sample	830073.348707442	74815	1	1	1	1.01885368893392	4.11397274446051	5	Sample_28A
Sample	817475.347462578	75434	2	2	2	1.00356142516554	1.41526023639219	5	Sample_29A
Sample	818846.155739376	75451	2	2	2	1.00514295908444	1.60073769676802	5	Sample_30A
Sample	811480.579208036	75335	2	2	2	0.995992216137323	1.32923061976333	5	Sample_15
Sample	858535.819764539	75131	2	2	2	1.05416558750764	1.00249291708658	5	Sample_32R2
Sample	838458.359673812	70855	2	2	2	1.02949365837276	0.761763760378508	5	Sample_33A
Sample	813267.257665394	75338	2	2	2	0.99868882377648	3.38829394013453	5	Sample_16
Sample	846113.170090896	74428	2	2	2	1.03899763107452	2.03446033970102	5	Sample_35R1
Sample	822767.707844507	78454	2	2	2	1.01014848316862	2.6604395137278	5	Sample_36A
Sample	828895.864605535	70250	1	1	1	1.01768815382014	15.992106416553	3	Sample_37A
Sample	835514.907826284	70531	1	1	1	1.02577797673761	27.871939298298	3	Sample_38A
Sample	824798.961190823	67625	1	1	1	1.01289432143561	21.1952004142834	3	Sample_39A
Sample	794146.377357918	63649	0	0	0	0.974505508622766	94.7674411578749	1	Sample_40A
Sample	868935.194857516	61805	0	0	0	1.06653970581165	95.0758698894546	1	Sample_41A
Sample	841034.259232077	69493	1	1	1	1.0324782651847	52.0485775819478	1	Sample_42A
Sample	788109.627197827	72715	0	0	0	0.967267375566682	117.965830158401	1	Sample_43A
Sample	837497.752721764	71037	3	3	3	1.02815581606159	12.5225043501916	4	Sample_44A
Sample	812242.789954062	71768	3	3	3	0.997077751480882	22.6828256054298	3	Sample_45A
Sample	806277.784682098	66131	0	0	0	0.989831003064928	125.621355132034	1	Sample_46A
Sample	818237.524164036	65891	0	0	0	1.00456326844179	124.911027645704	1	Sample_d11
Sample	811142.551735628	65811	0	0	0	0.995542986658413	126.102802300015	1	Sample_d12
Sample	830106.823958431	75045	2	2	2	1.0190284576627	1.35368326076141	5	Sample_49A
Sample	817352.383236529	75659	2	2	2	1.00336819495132	2.62575690059379	5	Sample_50A
Sample	824355.656936224	75549	2	2	2	1.01187647820531	2.34281570175812	5	Sample_51A
Sample	840501.360969165	76014	2	2	2	1.03192688215305	2.32070210966402	5	Sample_52A
Sample	824537.482872035	73310	2	2	2	1.01230478466739	2.11347776656086	5	Sample_53A
Sample	808918.883077024	77021	2	2	2	0.992960840228951	2.29069086505281	5	Sample_54A
Sample	838364.172404663	74789	2	2	2	1.02915642857215	0.810897764579439	5	Sample_55B
Sample	855437.478480539	73250	2	2	2	1.05057052091067	0.862094296613838	5	Sample_56A
Sample	831445.077941478	77889	2	2	2	1.02044753050977	0.583420876597956	5	Sample_57A
Sample	864433.580091355	69859	2	2	2	1.06112064445373	0.384182770064098	5	Sample_58A
Sample	864909.684649476	73688	2	2	2	1.06172495041029	0	5	Sample_59A
Sample	866298.643282819	74249	2	2	2	1.06332002275185	0.316733269899899	5	Sample_60A
Sample	841895.216160433	63773	0	0	0	1.03365610795543	98.7063110449048	1	Sample_61A
Sample	859806.825256441	62686	0	0	0	1.05546896837933	95.0010740724941	1	Sample_62A
Sample	845911.889451629	63327	0	0	0	1.03844747880857	93.532966494243	1	Sample_63A
Sample	831798.939659116	67996	0	0	0	1.02120814370968	106.50934258481	1	Sample_64A
Sample	831667.55660222	66667	1	1	1	1.02121429753816	59.9517072529608	1	Sample_65A
Sample	823734.198405618	67836	1	1	1	1.01142355642931	73.8497221496949	1	Sample_66A
Sample	814339.735998604	63609	0	0	0	0.99971159006956	124.895616202119	1	Sample_67A
Sample	817364.848822263	62740	0	0	0	1.00337804107688	104.01825689304	1	Sample_68A
Sample	862686.867120461	64308	0	0	0	1.05891634309283	95.1698021479499	1	Sample_69A
Sample	827291.842123672	74280	2	2	2	1.01545431408255	2.23161406879072	5	Sample_70A
Sample	828451.412757381	75754	2	2	2	1.01709123245775	2.46591617659577	5	Sample_71A
Sample	832050.444833013	75605	2	2	2	1.02147645063133	2.76597012584945	5	Sample_72A
Sample	813519.904453605	75238	2	2	2	0.998704823730523	2.1701854006647	5	Sample_73A
Sample	802731.102304598	74308	2	2	2	0.985288246882305	2.59543853233083	5	Sample_74A
Sample	795290.585920113	75225	2	2	2	0.976141196232277	3.56153879508984	5	Sample_76A
Sample	815744.303152337	63584	0	0	0	1.0011700474189	101.689347361765	1	Sample_75A
Sample	609179.845535509	61685	0	0	0	0.746699393718886	93.7139420340534	1	Sample_77A
Sample	871207.650855208	61405	0	0	0	1.06967692756985	94.6063866201988	1	Sample_78A
Sample	808318.548656956	63887	0	0	0	0.992322072832912	104.365490722728	1	Sample_79A
Sample	842429.58243887	64169	0	0	0	1.03416072189064	95.3426311943337	1	Sample_80A
Sample	835512.584748078	62453	0	0	0	1.02571643845283	99.7287580611975	1	Sample_81A
Sample	866484.106100069	62336	0	0	0	1.06376309840228	93.9287516965424	1	Sample_82A
Sample	856237.925072555	64194	0	0	0	1.05095205827632	94.0406649720932	1	Sample_83B
Sample	860430.862704885	63876	0	0	0	1.05613235108928	93.930881133709	1	Sample_84A
Sample	849192.233077054	65286	0	0	0	1.04240931358285	98.6330295980561	1	Sample_85B
Sample	847175.793911042	63158	0	0	0	1.0399933205223	95.0925147049554	1	Sample_86A
Sample	817539.077541068	64058	0	0	0	1.00358973277654	99.7630029738073	1	Sample_87A
Sample	781328.470099391	69316	0	0	0	0.959177552649213	111.014299533688	1	Sample_88A
Sample	789494.051280498	68141	0	0	0	0.969256292930843	104.114563329233	1	Sample_89B
Sample	779619.656042441	69174	0	0	0	0.957100020154965	105.127883910778	1	Sample_90A
Sample	832625.65571566	66765	0	0	0	1.0222776790992	125.004473997353	1	Sample_91A
Sample	837229.789804827	66070	0	0	0	1.0279847396299	107.364762811981	1	Sample_92A
Sample	759050.013584687	63035	0	0	0	0.931562862736043	94.6465905609334	1	Sample_93A
Sample	816475.951400577	62749	0	0	0	1.00231712104724	106.362674988655	1	Sample_94B
Sample	821766.34322489	61881	0	0	0	1.00900633260307	103.313295526584	1	Sample_95A
Sample	821681.380192981	63807	0	0	0	1.0087700255895	106.296906507244	1	Sample_96A
Sample	821436.864236027	70996	2	2	2	1.00857802614098	2.04277215534334	5	Sample_97A
Sample	836508.115470884	73144	2	2	2	1.02701489626173	2.3704385900744	5	Sample_98A
Sample	810716.054120494	73676	2	2	2	0.99537437175811	2.27786660284064	5	Sample_99A
Sample	790971.26215164	75808	1	1	1	0.970640904338443	50.0836232227419	2	Sample_100A
Sample	797543.12187982	73356	1	1	1	0.978933803595694	27.9341110690255	3	Sample_101A
Sample	805497.392735476	75157	1	1	1	0.988539929850197	26.6089667139518	3	Sample_102A
Sample	819757.933815906	74750	2	2	2	1.00641680157943	1.95337218612174	5	Sample_103A
Sample	624976.540183948	72002	2	2	2	0.766415029397411	2.99176990048894	5	Sample_104B
Sample	788603.290612407	73668	2	2	2	0.968210142089546	2.57962429835115	5	Sample_105B
Sample	807218.835993204	67464	0	0	0	0.991021153492616	126.259359859823	1	Sample_106A
Sample	791063.271113498	68652	0	0	0	0.971053210846484	125.901574410639	1	Sample_107B
Sample	801650.920103844	66980	0	0	0	0.984165788567878	125.694111127563	1	Sample_108A
Sample	815603.629642582	65958	0	0	0	1.00121804728103	125.99013929831	1	Sample_109A
Sample	805542.6629516	65513	0	0	0	0.988941159466977	125.5145884524	1	Sample_110A
Sample	815587.149974953	63461	0	0	0	1.00138543141564	107.340241661675	1	Sample_111B
Sample	816438.401247951	70428	0	0	0	1.00231712104724	119.958830528417	1	Sample_112B
Sample	789480.212993985	66166	0	0	0	0.969410138642799	55.6757512705503	1	Sample_113B
Sample	799608.327923963	69271	0	0	0	0.981744872444545	116.816711752795	1	Sample_114B
Sample	830116.757699284	68355	1	1	1	1.01910968819861	55.6983516799189	1	Sample_115A
Sample	833340.198166395	68323	0	0	0	1.0231244458978	85.2019305310494	1	Sample_116A
Sample	831429.932077435	66084	1	1	1	1.02054476099973	84.8797931184857	1	Sample_117A
Sample	798590.763730593	76634	1	1	1	0.980398414773511	43.0582003290932	1	Sample_118A
Sample	803098.04359947	77221	1	1	1	0.985922091215562	47.5475973474665	1	Sample_119B
Sample	786888.056803048	75280	1	1	1	0.965855687313778	49.4570437266571	2	Sample_120A
Sample	808349.571384524	76458	1	1	1	0.992202688560435	49.3027066660718	1	Sample_121A
Sample	817789.35020278	77133	1	1	1	1.00384942433832	47.3638514813523	1	Sample_122A
Sample	805959.961729177	80000	1	1	1	0.989112235898672	47.7539033278864	1	Sample_123A
Sample	820058.18038244	68527	3	3	3	1.00668510850108	127.461018001975	1	Sample_124A
Sample	813113.134008855	66454	3	3	3	0.998331901724743	127.490052507297	1	Sample_125A
Sample	810741.129334405	66340	3	3	3	0.995627909491413	127.626188692759	1	Sample_126A
Sample	815661.267801438	65515	3	3	3	1.00152327717355	127.134849943149	1	Sample_127A
Sample	828175.072598794	64450	3	3	3	1.01679338715941	126.860796051749	1	Sample_128A
Sample	824735.783443775	65305	3	3	3	1.01248201492756	127.068711740099	1	Sample_129A
Sample	826781.495046486	65303	3	3	3	1.01520323788063	127.331913716375	1	Sample_130A
Sample	825569.412860734	65258	3	3	3	1.0136020117106	127.61650820406	1	Sample_131A
Sample	686762.244379149	63593	3	3	3	0.842604349020572	126.545921165225	1	Sample_132A
Sample	826267.678805427	67589	1	1	1	1.01415954857073	79.3608643201599	1	Sample_133A
Sample	812812.371513449	67268	1	1	1	0.997763287973355	85.0172880789195	1	Sample_134A
Sample	832941.68877609	67072	1	1	1	1.02260137047715	64.0689440374313	1	Sample_135A
Sample	837861.289395154	70456	0	0	0	1.02870596832755	102.990400364384	1	Sample_136A
Sample	701106.465168025	67133	0	0	0	0.86071998929476	118.131752576345	1	Sample_137B
Sample	813236.067672833	68968	0	0	0	0.998489439733785	119.845783921127	1	Sample_138A
Sample	606744.431095674	84497	0	0	0	0.741947407368003	99.8495895868239	1	Sample_139A
Sample	810338.283186727	67759	0	0	0	0.994701142922592	104.162361147011	1	Sample_140A
Sample	814814.732783249	70075	0	0	0	1.00004143527599	106.212944630658	1	Sample_141A
Sample	834811.493419179	70372	0	0	0	1.02493982529888	100.998540436354	1	Sample_142A
Sample	790843.741346599	69193	0	0	0	0.970964595716397	98.7996413607975	1	Sample_143A
Sample	793264.588750376	69077	0	0	0	0.973675972543902	99.8926287766961	1	Sample_144B
Sample	800002.957787248	70396	0	0	0	0.982165794312456	102.006583592724	1	Sample_157A
Sample	798008.602033487	68394	0	0	0	0.979790416519862	98.7830681258587	1	Sample_158A
Sample	800290.417900025	70377	0	0	0	0.982519024067106	98.7952677187846	1	Sample_159B
Sample	826120.095424426	68413	1	1	1	1.01325739731582	51.6255013925275	2	Sample_160A
Sample	822304.42838205	68783	1	1	1	1.00876510252672	50.9870102592421	2	Sample_161A
Sample	822242.926404401	70401	1	1	1	1.00883894846846	50.6691094677267	2	Sample_162A
Sample	808363.071464306	70816	1	1	1	0.992635918085301	19.9180018064802	3	Sample_163A
Sample	814819.70759427	69575	1	1	1	1.00079958694451	17.2729880895817	3	Sample_164A
Sample	836321.779530198	71287	1	1	1	1.02680320456208	22.5784314886585	3	Sample_165A
Sample	797862.509076751	63618	3	3	3	0.979571340226038	126.529102294372	1	Sample_166A
Sample	806867.469632798	64600	3	3	3	0.990649462252532	126.895166509763	1	Sample_167A
Sample	815109.202643547	63623	0	0	0	1.0006617411866	125.208130858965	1	Sample_168A
Sample	812969.954917907	64049	3	3	3	0.998491901265177	126.30776098185	1	Sample_169A
Sample	811766.829251903	64517	3	3	3	0.996699906412319	126.190806211394	1	Sample_170A
Sample	822635.157900551	63398	3	3	3	1.01024940595567	126.176328366511	1	Sample_171A
Sample	820442.058400264	66433	3	3	3	1.00734849121103	127.394822129584	1	Sample_172A
Sample	809764.891305453	64750	3	3	3	0.994415605281203	127.675967501443	1	Sample_173A
Sample	820350.301589502	67062	3	3	3	1.00720326085895	127.202743423871	1	Sample_174A
Sample	761329.641077213	59486	3	3	3	0.934947468399064	126.968429155613	1	Sample_175A
Sample	811119.664993141	62613	3	3	3	0.996180523288757	127.812743213123	1	Sample_176A
Sample	816447.017731018	63939	3	3	3	1.00249188977602	127.761937027237	1	Sample_177A
Sample	787088.342304345	72535	2	2	2	0.966091994327342	3.80081886906344	5	Sample_178A
Sample	813939.652999141	70143	0	0	0	0.99919466847739	10.9895320104109	4	Sample_179A
Sample	799609.735361118	69141	2	2	2	0.98171533406785	9.43462376941853	4	Sample_180A
Sample	800360.050376875	64228	3	3	3	0.982706100452844	127.326508687092	1	Sample_181A
Sample	821564.057431079	63866	3	3	3	1.00886233301668	127.759149557543	1	Sample_182A
Sample	813460.091790556	64398	3	3	3	0.998974361417869	127.768690964102	1	Sample_183A
Sample	810942.031763392	66319	0	0	0	0.995632832554195	117.802896008609	1	Sample_184A
Sample	779378.560889084	64554	0	0	0	0.956969558991227	100.96408172052	1	Sample_185A
Sample	773645.531315509	65157	0	0	0	0.949885271647098	107.156520276316	1	Sample_186A
Sample	814796.174691391	68939	0	0	0	1.00044635718986	118.163219939884	1	Sample_188B
Sample	842265.424661702	68865	0	0	0	1.03436010593334	118.250329542142	1	Sample_189B
Sample	821221.143874385	68365	3	3	3	1.00835771908146	126.471281725272	1	Sample_190A
Sample	805295.732049278	69538	0	0	0	0.988522699130458	126.134777823169	1	Sample_191A
Sample	816734.724775961	67920	0	0	0	1.00265435084785	125.746388596515	1	Sample_192A
Sample	800936.19367447	70535	0	0	0	0.983333790957622	124.272298861718	1	Sample_193A
Sample	769928.440746041	68549	0	0	0	0.945117285342173	125.225005894162	1	Sample_194A
Sample	805283.801910226	65285	0	0	0	0.988962082483803	110.223304919284	1	Sample_195A
Sample	795116.782962015	69781	0	0	0	0.976105504027103	125.309624031554	1	Sample_196A
Sample	801822.894277484	69725	0	0	0	0.984501787602789	124.303688970477	1	Sample_197A
Sample	804014.574492407	68914	0	0	0	0.98724516433838	118.118518178508	1	Sample_198A
Sample	831142.569018403	71818	1	1	1	1.02053122257708	50.4774604379796	2	Sample_199A
Sample	861222.959845895	71091	1	1	1	1.05717850193058	51.7923865525732	2	Sample_200A
Sample	842693.827009117	71747	1	1	1	1.03472564334494	50.752790398542	2	Sample_201A
Sample	807348.922830903	63619	3	3	3	0.991540536616178	127.468124920903	1	Sample_202A
Sample	810739.560477771	64881	3	3	3	0.995741139935412	127.260861230636	1	Sample_203A
Sample	825507.489048723	65243	3	3	3	1.01369185760638	126.798150921009	1	Sample_204A
Sample	872646.355676378	72271	1	1	1	1.07108738505706	51.8898236724774	2	Sample_205A
Sample	890793.17976188	69263	1	1	1	1.09337285950809	53.3166257106545	2	Sample_206A
Sample	904570.923287257	71421	1	1	1	1.10995742725689	53.5506817401594	2	Sample_207A
Sample	796146.991074491	70548	1	1	1	0.977314115940226	29.423221959613	3	Sample_208A
Sample	862164.202391775	66681	1	1	1	1.05823942196023	52.9958060291423	2	Sample_209A
Sample	876445.485624596	69453	1	1	1	1.07548614165329	53.1651943571456	2	Sample_210A
Sample	920045.937534527	62267	1	1	1	1.12909583382416	54.9784746677235	2	Sample_211B
Sample	891817.991146608	62882	1	1	1	1.09442762570925	54.0252457523012	2	Sample_212A
Sample	889426.904421425	65029	1	1	1	1.0914184035834	54.0113313163853	2	Sample_213A
Sample	776629.413876684	63767	1	1	1	0.953301877218207	51.8693834975002	2	Sample_214A
Sample	791226.035860825	65626	1	1	1	0.970975672607658	51.7574516519548	2	Sample_215A
Sample	778773.701601588	66564	1	1	1	0.955822485362886	51.8085663318435	2	Sample_216A
Sample	826074.782946623	61876	1	1	1	1.01428877896877	52.4166636878592	2	Sample_217B
Sample	617857.183010606	61009	1	1	1	0.757653208410119	51.1526126642528	2	Sample_218A
Sample	621944.496938908	60703	1	1	1	0.762629194117609	51.1307456835989	2	Sample_219A
Sample	801959.193224972	68363	3	3	3	0.984637171829309	126.527416388917	1	Sample_223B
Sample	784118.999685094	65827	3	3	3	0.962671696459147	126.312770789788	1	Sample_224A
Sample	800675.166820237	65238	0	0	0	0.983155329931754	125.284315702868	1	Sample_225A
